0.0
0.075
0.15
0.225
0.3
0.375
0.45
0.525
0.6
0.675
0.75
0.825
0.9
0.975
1.05
1.125
1.2
1.275
1.35
1.425
1.5
1.575
1.65
1.725
1.8
1.875
1.95
2.025
2.1
2.175
2.25
2.325
2.4
2.475
2.55
2.625
2.7
2.775
2.85
2.925
3.0
3.075
3.15
3.225
3.3
3.375
3.45
3.525
3.6
3.675
3.75
3.825
3.9
3.975
4.05
4.125
4.2
4.275
4.35
4.425
4.5
4.575
4.65
4.725
4.8
4.875
4.95
5.025
5.1
5.175
5.25
5.325
5.4
5.475
5.55
5.625
5.7
5.775
5.85
5.925
6.0
6.075
6.15
6.225
6.3
6.375
6.45
6.525
6.6
6.675
6.75
6.825
6.9
6.975
7.05
7.125
7.2
7.275
7.35
7.425
7.5
7.575
7.65
7.725
7.8
7.875
7.95
8.025
8.1
8.175
8.25
8.325
8.4
8.475
8.55
8.625
8.7
8.775
8.85
8.925
9.0
9.075
9.15
9.225
9.3
9.375
9.45
9.525
9.6
9.675
9.75
9.825
9.9
9.975
10.05
10.125
10.2
10.275
10.35
10.425
10.5
10.575
10.65
10.725
10.8
10.875
10.95
11.025
11.1
11.175
11.25
11.325
11.4
11.475
11.55
11.625
11.7
11.775
11.85
11.925
12.0
12.075
12.15
12.225
12.3
12.375
12.45
12.525
12.6
12.675
12.75
12.825
12.9
12.975
13.05
13.125
13.2
13.275
13.35
13.425
13.5
13.575
13.65
13.725
13.8
13.875
13.95
14.025
14.1
14.175
14.25
14.325
14.4
14.475
14.55
14.625
14.7
14.775
14.85
14.925
15.0
15.075
15.15
15.225
15.3
15.375
15.45
15.525
15.6
15.675
15.75
15.825
15.9
15.975
16.05
16.125
16.2
16.275
16.35
16.425
16.5
16.575
16.65
16.725
16.8
16.875
16.95
17.025
17.1
17.175
17.25
17.325
17.4
17.475
17.55
17.625
17.7
17.775
17.85
17.925
18.0
18.075
18.15
18.225
18.3
18.375
18.45
18.525
18.6
18.675
18.75
18.825
18.9
18.975
19.05
19.125
19.2
19.275
19.35
19.425
19.5
19.575
19.65
19.725
19.8
19.875
19.95
20.025
20.1
20.175
20.25
20.325
20.4
20.475
20.55
20.625
20.7
20.775
20.85
20.925
21.0
21.075
21.15
21.225
21.3
21.375
21.45
21.525
21.6
21.675
21.75
21.825
21.9
21.975
22.05
22.125
22.2
22.275
22.35
22.425
22.5
22.575
22.65
22.725
22.8
22.875
22.95
23.025
23.1
23.175
23.25
23.325
23.4
23.475
23.55
23.625
23.7
23.775
23.85
23.925
24.0
24.075
24.15
24.225
24.3
24.375
24.45
24.525
24.6
24.675
24.75
24.825
24.9
24.975
25.05
25.125
25.2
25.275
25.35
25.425
25.5
25.575
25.65
25.725
25.8
25.875
25.95
26.025
26.1
26.175
26.25
26.325
26.4
26.475
26.55
26.625
26.7
26.775
26.85
26.925
27.0
27.075
27.15
27.225
27.3
27.375
27.45
27.525
27.6
27.675
27.75
27.825
27.9
27.975
28.05
28.125
28.175
28.2
28.275
28.301
28.35
28.425
28.451
28.5
28.575
28.65
28.725
28.8
28.807
28.882
28.95
28.957
29.025
29.032
29.1
29.107
29.175
29.182
29.25
29.257
29.325
29.332
29.4
29.407
29.475
29.482
29.55
29.557
29.625
29.632
29.7
29.707
29.775
29.782
29.85
29.857
29.925
29.932
30.0
30.007
30.075
30.082
30.15
30.157
30.225
30.232
30.3
30.307
30.375
30.382
30.45
30.457
30.525
30.532
30.6
30.607
30.675
30.682
30.75
30.757
30.825
30.832
30.9
30.907
30.975
30.982
31.05
31.057
31.125
31.132
31.2
31.207
31.282
31.35
31.357
31.425
31.432
31.5
31.507
31.575
31.582
31.65
31.657
31.725
31.732
31.8
31.807
31.875
31.882
31.95
31.957
32.025
32.032
32.1
32.107
32.175
32.182
32.25
32.257
32.325
32.332
32.4
32.407
32.475
32.482
32.55
32.557
32.625
32.632
32.7
32.707
32.775
32.782
32.85
32.857
32.925
32.932
33.0
33.007
33.075
33.082
33.15
33.157
33.225
33.232
33.3
33.307
33.375
33.382
33.45
33.457
33.525
33.532
33.6
33.607
33.682
33.75
33.757
33.825
33.832
33.9
33.907
33.975
33.982
34.05
34.057
34.125
34.132
34.2
34.207
34.275
34.282
34.35
34.357
34.425
34.432
34.5
34.507
34.575
34.582
34.65
34.657
34.725
34.732
34.8
34.807
34.875
34.882
34.95
34.957
35.025
35.032
35.1
35.107
35.175
35.182
35.25
35.257
35.325
35.332
35.4
35.407
35.475
35.482
35.55
35.557
35.625
35.632
35.7
35.707
35.775
35.782
35.85
35.857
35.925
35.932
36.0
36.007
36.075
36.082
36.15
36.157
36.225
36.232
36.3
36.307
36.375
36.382
36.45
36.457
36.525
36.532
36.582
36.6
36.675
36.682
36.75
36.757
36.825
36.832
36.9
36.907
36.975
36.982
37.05
37.057
37.125
37.132
37.2
37.207
37.275
37.35
37.425
37.5
37.575
37.65
37.725
37.8
37.875
37.95
38.025
38.1
38.175
38.25
38.325
38.4
38.55
38.7
38.85
39.0
39.15
39.3
39.45
39.6
39.75
39.9
40.05
40.2
40.35
40.5
40.65
40.8
40.95
41.1
41.25
41.4
41.55
41.7
41.85
42.0
42.15
42.3
42.45
42.6
42.75
42.9
43.05
43.2
43.35
43.5
43.65
43.8
43.95
44.1
44.25
44.4
44.55
44.7
44.85
45.0
45.15
45.3
45.45
45.6
45.675
45.75
45.825
45.9
45.975
46.05
46.125
46.2
46.275
46.35
46.425
46.5
46.575
46.65
46.725
46.8
46.875
46.95
47.025
47.1
47.175
47.25
47.325
47.4
47.475
47.55
47.625
47.7
47.775
47.85
47.925
48.0
48.15
48.225
48.3
48.375
48.45
48.525
48.6
48.675
48.75
48.825
48.9
48.975
49.05
49.125
49.2
49.275
49.35
49.425
49.5
49.575
49.65
49.725
49.8
49.95
50.1
50.175
50.25
50.4
50.55
50.625
50.7
50.775
50.85
50.925
51.0
51.075
51.15
51.225
51.3
51.375
51.45
51.525
51.6
51.675
51.75
51.825
51.9
51.975
52.05
52.125
52.2
52.275
52.35
52.425
52.5
52.575
52.65
52.725
52.8
52.95
53.025
53.1
53.175
53.25
53.4
53.55
53.7
53.775
53.85
54.0
54.15
54.225
54.3
54.375
54.45
54.6
54.75
54.9
54.975
55.05
55.2
55.35
55.5
55.575
55.65
55.8
55.95
56.1
56.175
56.25
56.4
56.475
56.55
56.625
56.7
56.775
56.85
56.925
57.0
57.075
57.15
57.225
57.3
57.375
57.45
57.525
57.6
57.75
57.825
57.9
57.975
58.05
58.125
58.2
58.275
58.35
58.425
58.5
58.575
58.65
58.725
58.8
58.875
58.95
59.025
59.1
59.175
59.25
59.325
59.4
59.475
59.55
59.625
59.7
59.775
59.85
59.925
60.0
60.15
60.225
60.3
60.375
60.45
60.525
60.6
60.675
60.75
60.825
60.9
60.975
61.05
61.125
61.2
61.275
61.35
61.425
61.5
61.575
61.65
61.725
61.8
61.875
61.95
62.025
62.1
62.175
62.25
62.325
62.4
62.55
62.625
62.7
62.775
62.85
63.0
63.15
63.3
63.375
63.45
63.6
63.75
63.825
63.9
63.975
64.05
64.2
64.35
64.5
64.575
64.65
64.8
64.875
64.95
65.025
65.1
65.175
65.25
65.325
65.4
65.475
65.55
65.625
65.7
65.775
65.85
65.925
66.0
66.15
66.375
66.45
66.6
66.675
66.75
66.9
66.975
67.05
67.2
67.207
67.275
67.35
67.357
67.425
67.5
67.507
67.575
67.65
67.657
67.725
67.8
67.807
67.875
67.95
67.957
68.025
68.1
68.107
68.175
68.25
68.257
68.325
68.4
68.407
68.475
68.55
68.557
68.625
68.7
68.707
68.775
68.85
68.857
68.925
69.0
69.007
69.075
69.15
69.157
69.225
69.3
69.307
69.375
69.45
69.457
69.525
69.6
69.607
69.675
69.682
69.75
69.757
69.825
69.832
69.9
69.907
69.975
69.982
70.05
70.057
70.125
70.132
70.2
70.207
70.275
70.282
70.35
70.357
70.425
70.432
70.5
70.507
70.575
70.582
70.65
70.657
70.725
70.732
70.8
70.807
70.875
70.882
70.95
70.957
71.025
71.032
71.1
71.107
71.175
71.182
71.25
71.257
71.325
71.332
71.4
71.407
71.475
71.482
71.55
71.557
71.625
71.632
71.7
71.707
71.775
71.782
71.85
71.857
71.925
71.932
72.0
72.007
72.075
72.15
72.157
72.225
72.3
72.307
72.375
72.45
72.457
72.525
72.6
72.607
72.675
72.75
72.757
72.825
72.9
72.907
72.975
73.05
73.057
73.125
73.2
73.207
73.275
73.35
73.357
73.425
73.5
73.507
73.575
73.65
73.657
73.725
73.8
73.807
73.875
73.95
73.957
74.025
74.1
74.107
74.175
74.25
74.257
74.325
74.4
74.407
74.7
74.85
75.0
75.15
75.3
75.45
75.6
75.607
75.757
75.9
75.907
76.057
76.2
76.207
76.357
76.5
76.507
76.656
76.8
76.95
77.1
77.175
77.25
77.4
77.55
77.7
77.775
77.85
78.0
78.15
78.3
78.375
78.45
78.6
78.75
78.9
78.922
78.975
79.05
79.2
79.222
79.35
79.5
79.522
79.575
79.65
79.672
79.8
79.95
80.1
80.122
80.175
80.25
80.4
80.422
80.475
80.55
80.7
80.722
80.775
80.85
80.872
81.0
81.075
81.15
81.3
81.375
81.45
81.6
81.622
81.75
81.9
81.922
81.975
82.05
82.072
82.2
82.35
82.5
82.522
82.575
82.65
82.8
82.822
82.95
83.1
83.122
83.175
83.25
83.272
83.4
83.55
83.7
83.722
83.775
83.85
84.0
84.022
84.15
84.225
84.3
84.375
84.45
84.472
84.525
84.6
84.675
84.75
84.825
84.9
84.922
84.975
85.05
85.125
85.2
85.222
85.275
85.35
85.425
85.5
85.575
85.65
85.725
85.8
85.875
85.95
86.025
86.1
86.175
86.25
86.325
86.4
86.451
86.55
86.7
86.751
86.775
86.85
86.901
87.0
87.15
87.3
87.351
87.375
87.45
87.6
87.651
87.75
87.9
87.951
87.975
88.05
88.101
88.2
88.35
88.5
88.575
88.65
88.8
88.806
88.851
88.95
88.956
89.1
89.106
89.151
89.175
89.25
89.256
89.301
89.4
89.406
89.55
89.556
89.7
89.706
89.751
89.775
89.85
89.856
90.0
90.006
90.051
90.15
90.3
90.375
90.45
90.501
90.6
90.75
90.9
90.975
91.05
91.2
91.206
91.265
91.275
91.281
91.35
91.356
91.425
91.431
91.5
91.506
91.565
91.575
91.581
91.65
91.656
91.715
91.725
91.731
91.8
91.806
91.875
91.881
91.95
91.956
92.025
92.031
92.1
92.106
92.165
92.175
92.181
92.25
92.256
92.325
92.331
92.4
92.406
92.465
92.475
92.481
92.55
92.556
92.625
92.631
92.7
92.706
92.765
92.775
92.781
92.85
92.856
92.915
92.925
92.931
93.0
93.006
93.075
93.081
93.15
93.156
93.225
93.231
93.3
93.306
93.365
93.375
93.381
93.45
93.456
93.525
93.531
93.6
93.606
93.665
93.675
93.75
93.825
93.9
93.975
94.05
94.125
94.2
94.275
94.35
94.425
94.5
94.575
94.65
94.725
94.8
94.806
95.194
95.494
95.794
96.0
96.094
96.15
96.3
96.375
96.45
96.6
96.75
96.9
96.975
96.994
97.05
97.2
97.294
97.35
97.5
97.575
97.65
97.744
97.8
97.95
98.1
98.175
98.194
98.25
98.4
98.494
98.55
98.7
98.775
98.794
98.85
98.944
99.0
99.15
99.3
99.375
99.45
99.6
99.75
99.9
99.975
100.05
100.2
100.294
100.35
100.5
100.575
100.594
100.65
100.8
100.875
100.894
100.95
101.025
101.1
101.175
101.25
101.325
101.344
101.4
101.475
101.55
101.625
101.7
101.775
101.794
101.85
101.925
102.0
102.075
102.094
102.15
102.225
102.3
102.375
102.45
102.525
102.544
102.6
102.675
102.75
102.825
102.9
102.975
102.994
103.05
103.125
103.2
103.275
103.294
103.35
103.425
103.5
103.575
103.65
103.725
103.8
103.875
103.95
104.025
104.1
104.175
104.25
104.325
104.4
104.475
104.55
104.625
104.7
104.775
104.794
104.85
104.925
105.0
105.075
105.094
105.15
105.225
105.3
105.375
105.394
105.45
105.525
105.6
105.694
105.75
105.9
105.975
106.05
106.2
106.35
106.5
106.575
106.594
106.65
106.744
106.8
106.894
106.95
107.1
107.175
107.25
107.344
107.4
107.55
107.7
107.775
107.794
107.85
108.0
108.094
108.15
108.3
108.375
108.394
108.45
108.544
108.6
108.75
108.9
108.975
108.994
109.05
109.2
109.294
109.35
109.5
109.575
109.65
109.8
109.894
109.95
110.1
110.175
110.194
110.25
110.4
110.475
110.494
110.55
110.625
110.7
110.775
110.794
110.85
110.925
110.944
111.0
111.075
111.15
111.225
111.3
111.375
111.394
111.45
111.525
111.6
111.694
111.994
112.294
112.594
112.8
112.806
112.894
112.95
112.956
113.1
113.175
113.25
113.256
113.4
113.406
113.55
113.556
113.7
113.706
113.775
113.85
113.856
114.0
114.006
114.15
114.156
114.3
114.375
114.45
114.456
114.6
114.606
114.75
114.755
114.9
114.904
114.975
115.05
115.2
115.204
115.35
115.354
115.5
115.575
115.65
115.654
115.729
115.8
115.804
115.879
115.95
115.954
116.029
116.1
116.104
116.175
116.179
116.25
116.254
116.329
116.4
116.404
116.55
116.554
116.7
116.704
116.775
116.85
116.854
117.0
117.15
117.3
117.375
117.45
117.6
117.622
117.75
117.772
117.9
117.922
117.975
118.05
118.072
118.2
118.35
118.372
118.5
118.522
118.575
118.65
118.672
118.773
118.8
118.95
118.972
119.1
119.122
119.175
119.25
119.272
119.4
119.523
119.55
119.7
119.722
119.775
119.797
119.85
119.872
119.973
120.0
120.075
120.15
120.172
120.225
120.3
120.375
120.45
120.468
120.47
120.525
120.6
120.618
120.62
120.675
120.75
120.768
120.77
120.825
120.9
120.918
120.92
120.975
121.05
121.125
121.2
121.217
121.219
121.275
121.292
121.294
121.35
121.367
121.369
121.425
121.442
121.444
121.5
121.517
121.519
121.575
121.592
121.594
121.65
121.667
121.669
121.725
121.742
121.744
121.8
121.817
121.819
121.875
121.892
121.894
121.95
121.967
121.969
122.025
122.042
122.044
122.1
122.117
122.119
122.175
122.192
122.194
122.25
122.325
122.4
122.417
122.418
122.55
122.567
122.568
122.7
122.775
122.85
122.867
122.868
122.942
122.943
123.0
123.017
123.018
123.092
123.093
123.15
123.167
123.168
123.242
123.243
123.3
123.317
123.318
123.375
123.392
123.393
123.45
123.467
123.468
123.542
123.543
123.6
123.617
123.618
123.75
123.767
123.768
123.9
123.975
124.05
124.067
124.068
124.168
124.169
124.2
124.318
124.319
124.35
124.468
124.469
124.5
124.575
124.65
124.8
124.817
124.818
124.892
124.893
124.95
124.967
124.968
125.042
125.043
125.1
125.117
125.118
125.175
125.192
125.193
125.25
125.267
125.268
125.342
125.343
125.4
125.417
125.418
125.492
125.493
125.55
125.567
125.568
125.642
125.643
125.7
125.717
125.718
125.775
125.792
125.793
125.85
125.867
125.868
125.942
125.943
125.992
125.993
126.0
126.15
126.167
126.168
126.3
126.317
126.318
126.375
126.45
126.467
126.468
126.6
126.75
126.9
126.975
127.05
127.2
127.235
127.236
127.35
127.385
127.386
127.5
127.575
127.65
127.685
127.686
127.76
127.761
127.8
127.835
127.836
127.95
127.985
127.986
128.1
128.135
128.136
128.175
128.25
128.285
128.286
128.4
128.435
128.436
128.55
128.585
128.586
128.7
128.775
128.85
128.885
128.886
128.96
128.961
129.0
129.035
129.036
129.15
129.185
129.186
129.3
129.335
129.336
129.375
129.45
129.6
129.635
129.636
129.675
129.71
129.711
129.75
129.785
129.786
129.825
129.86
129.861
129.9
129.935
129.936
129.975
130.01
130.011
130.05
130.085
130.086
130.125
130.16
130.161
130.2
130.235
130.236
130.275
130.31
130.311
130.35
130.385
130.386
130.425
130.46
130.461
130.5
130.535
130.536
130.575
130.61
130.611
130.65
130.685
130.686
130.725
130.76
130.761
130.8
130.81
130.811
130.985
130.986
131.06
131.061
131.1
131.11
131.111
131.36
131.361
131.4
131.585
131.586
131.625
131.81
131.811
131.85
132.0
132.035
132.036
132.15
132.3
132.45
132.6
132.75
132.9
133.05
133.2
133.35
133.5
133.65
133.8
133.95
134.1
134.25
134.4
134.7
134.794
134.85
134.944
135.0
135.094
135.15
135.3
135.394
135.45
135.544
135.6
135.694
135.75
135.9
135.994
136.05
136.2
136.35
136.5
136.594
136.65
136.744
136.8
136.894
137.1
137.194
137.25
137.4
137.494
137.55
137.7
137.794
137.85
137.944
138.0
138.15
138.3
138.45
138.6
138.75
138.9
138.994
139.05
139.2
139.294
139.5
139.594
139.65
139.8
139.894
139.95
140.1
140.194
140.25
140.344
140.4
140.475
140.494
140.55
140.625
140.644
140.7
140.775
140.794
140.85
140.925
140.944
141.0
141.075
141.15
141.225
141.3
141.375
141.394
141.45
141.525
141.544
141.6
141.694
141.825
141.844
141.994
142.294
142.444
142.744
142.8
143.025
144.0
144.15
144.225
144.3
144.375
144.394
144.45
144.525
144.544
144.6
144.675
144.694
144.75
144.825
144.9
144.975
144.994
145.05
145.125
145.144
145.2
145.275
145.294
145.35
145.425
145.444
145.5
145.575
145.65
145.725
145.744
145.8
145.875
145.894
145.95
146.025
146.1
146.175
146.194
146.25
146.325
146.344
146.4
146.494
146.55
146.625
146.7
146.775
146.794
146.85
146.925
146.944
147.0
147.075
147.15
147.225
147.244
147.3
147.375
147.45
147.525
147.544
147.6
147.675
147.75
147.825
147.9
147.975
148.05
148.125
148.2
148.275
148.35
148.425
148.5
148.575
148.594
148.65
148.725
148.8
148.894
148.95
149.025
149.044
149.1
149.175
149.194
149.25
149.344
149.4
149.494
149.55
149.7
149.775
149.794
149.85
149.944
150.0
150.094
150.15
150.225
150.3
150.375
150.394
150.45
150.544
150.6
150.75
150.9
150.975
150.994
151.05
151.2
151.294
151.35
151.5
151.575
151.594
151.65
151.744
151.8
151.95
152.1
152.175
152.194
152.25
152.4
152.475
152.494
152.55
152.625
152.7
152.775
152.85
152.925
153.0
153.075
153.094
153.15
153.225
153.3
153.375
153.394
153.45
153.525
153.6
153.646
153.647
153.675
153.694
153.75
153.796
153.797
153.825
153.9
153.946
153.947
153.975
153.994
154.05
154.096
154.097
154.125
154.144
154.2
154.246
154.247
154.275
154.35
154.396
154.397
154.425
154.5
154.546
154.547
154.575
154.594
154.65
154.696
154.697
154.725
154.8
154.846
154.847
154.875
154.894
154.95
154.996
154.997
155.025
155.1
155.146
155.147
155.175
155.194
155.25
155.296
155.297
155.325
155.344
155.4
155.446
155.447
155.475
155.55
155.596
155.597
155.625
155.7
155.746
155.747
155.775
155.794
155.85
155.896
155.897
155.925
156.0
156.046
156.047
156.075
156.094
156.121
156.122
156.15
156.196
156.197
156.225
156.271
156.272
156.3
156.346
156.347
156.375
156.394
156.421
156.422
156.45
156.496
156.497
156.525
156.544
156.571
156.572
156.6
156.646
156.647
156.675
156.721
156.722
156.75
156.796
156.797
156.825
156.871
156.872
156.9
156.946
156.947
156.975
156.994
157.021
157.022
157.05
157.096
157.097
157.125
157.171
157.172
157.2
157.246
157.247
157.275
157.294
157.321
157.322
157.35
157.396
157.397
157.425
157.471
157.472
157.5
157.546
157.547
157.575
157.594
157.621
157.622
157.65
157.696
157.697
157.725
157.744
157.771
157.772
157.8
157.846
157.847
157.875
157.921
157.922
157.95
157.996
157.997
158.025
158.071
158.072
158.1
158.146
158.147
158.175
158.194
158.221
158.222
158.25
158.296
158.297
158.325
158.371
158.372
158.4
158.446
158.447
158.475
158.494
158.55
158.596
158.597
158.625
158.7
158.746
158.747
158.775
158.794
158.85
158.896
158.897
158.925
158.944
159.0
159.046
159.047
159.075
159.15
159.196
159.197
159.225
159.3
159.346
159.347
159.375
159.394
159.45
159.496
159.497
159.525
159.6
159.646
159.647
159.675
159.694
159.75
159.796
159.797
159.825
159.9
159.946
159.947
159.975
159.994
160.05
160.096
160.097
160.125
160.144
160.2
160.246
160.247
160.275
160.35
160.396
160.397
160.425
160.5
160.546
160.547
160.575
160.594
160.65
160.696
160.697
160.725
160.8
160.846
160.847
160.894
161.1
161.25
161.4
161.55
161.7
161.85
162.0
162.3
162.394
162.6
162.694
162.9
162.994
163.2
163.294
163.35
163.5
163.575
163.65
163.744
163.8
163.95
164.1
164.175
164.194
164.25
164.4
164.494
164.55
164.7
164.775
164.85
165.0
165.15
165.3
165.375
165.384
165.45
165.6
165.684
165.75
165.9
165.975
165.984
166.05
166.134
166.2
166.35
166.5
166.575
166.584
166.65
166.8
166.875
166.884
166.95
167.1
167.175
167.184
167.25
167.334
167.4
167.475
167.55
167.7
167.775
167.85
168.0
168.084
168.15
168.3
168.375
168.384
168.45
168.534
168.6
168.75
168.9
168.975
168.984
169.05
169.2
169.284
169.35
169.5
169.575
169.584
169.65
169.734
169.8
169.95
170.1
170.175
170.184
170.25
170.4
170.484
170.55
170.7
170.775
170.85
170.934
171.0
171.15
171.3
171.375
171.384
171.45
171.6
171.675
171.684
171.75
171.825
171.9
171.975
172.05
172.125
172.2
172.275
172.35
172.425
172.5
172.575
172.65
172.725
172.8
172.913
172.95
173.1
173.175
173.213
173.25
173.363
173.4
173.55
173.7
173.775
173.813
173.85
174.0
174.113
174.15
174.3
174.375
174.413
174.45
174.563
174.6
174.75
174.9
174.975
175.05
175.2
175.246
175.247
175.313
175.35
175.396
175.397
175.5
175.546
175.547
175.575
175.613
175.65
175.696
175.697
175.763
175.8
175.846
175.847
175.95
175.996
175.997
176.1
176.146
176.147
176.175
176.213
176.25
176.296
176.297
176.4
176.513
176.55
176.7
176.775
176.85
176.963
177.0
177.15
177.3
177.375
177.45
177.6
177.646
177.647
177.675
177.721
177.722
177.727
177.75
177.796
177.797
177.825
177.871
177.872
177.877
177.9
177.946
177.947
177.975
178.021
178.022
178.05
178.096
178.097
178.125
178.171
178.172
178.177
178.2
178.246
178.247
178.275
178.321
178.322
178.327
178.35
178.396
178.397
178.425
178.471
178.472
178.5
178.546
178.547
178.575
178.621
178.622
178.627
178.65
178.696
178.697
178.725
178.771
178.772
178.8
178.846
178.847
178.875
178.921
178.922
178.927
178.95
178.996
178.997
179.025
179.071
179.072
179.077
179.1
179.146
179.147
179.175
179.221
179.222
179.227
179.25
179.296
179.297
179.325
179.371
179.372
179.4
179.446
179.447
179.475
179.521
179.522
179.527
179.55
179.596
179.597
179.625
179.671
179.672
179.7
179.746
179.747
179.775
179.821
179.822
179.827
179.85
179.896
179.897
179.925
179.971
179.972
179.977
180.0
180.046
180.047
180.075
180.15
180.225
180.3
180.375
180.427
180.45
180.525
180.6
180.675
180.75
180.825
180.9
180.975
181.05
181.125
181.2
181.247
181.627
181.927
182.227
182.4
182.527
182.55
182.7
182.775
182.85
183.0
183.15
183.3
183.375
183.427
183.45
183.6
183.727
183.75
183.9
183.975
184.05
184.177
184.2
184.35
184.5
184.575
184.627
184.65
184.8
184.927
184.95
185.1
185.175
185.227
185.25
185.377
185.4
185.55
185.7
185.775
185.85
186.0
186.15
186.3
186.375
186.45
186.6
186.727
186.75
186.9
186.975
187.027
187.05
187.2
187.275
187.327
187.35
187.425
187.5
187.575
187.65
187.725
187.777
187.8
187.875
187.95
188.025
188.1
188.175
188.227
188.25
188.325
188.4
188.475
188.527
188.55
188.625
188.7
188.775
188.85
188.925
188.977
189.0
189.075
189.15
189.225
189.3
189.375
189.427
189.45
189.525
189.6
189.675
189.727
189.75
189.825
189.9
189.975
190.05
190.125
190.2
190.275
190.35
190.425
190.5
190.575
190.65
190.725
190.8
190.875
190.95
191.025
191.1
191.175
191.227
191.25
191.325
191.4
191.475
191.527
191.55
191.625
191.7
191.775
191.827
191.85
191.925
192.0
192.127
192.15
192.3
192.375
192.45
192.6
192.75
192.9
192.975
193.027
193.05
193.177
193.2
193.327
193.35
193.5
193.575
193.65
193.777
193.8
193.95
194.1
194.175
194.227
194.25
194.4
194.527
194.55
194.7
194.775
194.827
194.85
194.977
195.0
195.15
195.3
195.375
195.427
195.45
195.6
195.727
195.75
195.9
195.975
196.05
196.2
196.327
196.35
196.5
196.575
196.627
196.65
196.8
196.875
196.927
196.95
197.025
197.1
197.175
197.227
197.25
197.325
197.377
197.4
197.475
197.55
197.625
197.7
197.775
197.827
197.85
197.925
198.0
198.127
198.427
198.727
199.027
199.2
199.246
199.247
199.327
199.35
199.396
199.397
199.5
199.575
199.65
199.696
199.697
199.8
199.846
199.847
199.95
199.996
199.997
200.1
200.146
200.147
200.175
200.25
200.296
200.297
200.4
200.446
200.447
200.55
200.596
200.597
200.7
200.775
200.85
200.896
200.897
201.0
201.046
201.047
201.15
201.196
201.197
201.3
201.346
201.347
201.375
201.45
201.6
201.646
201.647
201.75
201.796
201.797
201.9
201.975
202.05
202.096
202.097
202.2
202.246
202.247
202.35
202.396
202.397
202.5
202.546
202.547
202.575
202.65
202.696
202.697
202.8
202.846
202.847
202.95
202.996
202.997
203.1
203.146
203.147
203.175
203.25
203.296
203.297
203.4
203.55
203.7
203.775
203.85
204.0
204.046
204.047
204.15
204.196
204.197
204.3
204.346
204.347
204.375
204.45
204.496
204.497
204.6
204.75
204.796
204.797
204.9
204.946
204.947
204.975
205.05
205.096
205.097
205.197
205.198
205.2
205.35
205.396
205.397
205.5
205.546
205.547
205.575
205.65
205.696
205.697
205.8
205.947
205.948
205.95
206.1
206.146
206.147
206.175
206.221
206.222
206.25
206.296
206.297
206.4
206.446
206.447
206.55
206.596
206.597
206.7
206.746
206.747
206.775
206.85
206.896
206.897
207.0
207.046
207.047
207.15
207.196
207.197
207.3
207.346
207.347
207.375
207.45
207.496
207.497
207.6
207.646
207.647
207.675
207.75
207.796
207.797
207.825
207.9
207.946
207.947
207.975
208.05
208.096
208.097
208.125
208.2
208.275
208.35
208.425
208.5
208.575
208.65
208.725
208.8
208.95
208.996
208.997
209.1
209.146
209.147
209.175
209.25
209.296
209.297
209.4
209.446
209.447
209.55
209.596
209.597
209.7
209.746
209.747
209.775
209.85
209.896
209.897
210.0
210.15
210.196
210.197
210.3
210.346
210.347
210.375
210.45
210.496
210.497
210.6
210.646
210.647
210.75
210.796
210.797
210.9
210.946
210.947
210.975
211.05
211.2
211.247
211.253
211.322
211.328
211.35
211.397
211.403
211.472
211.478
211.5
211.547
211.553
211.575
211.622
211.628
211.65
211.697
211.703
211.772
211.778
211.8
211.847
211.853
211.922
211.928
211.95
211.997
212.003
212.072
212.078
212.1
212.147
212.153
212.175
212.222
212.228
212.25
212.297
212.303
212.372
212.378
212.4
212.422
212.428
212.55
212.597
212.603
212.7
212.747
212.753
212.775
212.85
212.897
212.903
213.0
213.15
213.3
213.375
213.45
213.6
213.665
213.671
213.75
213.815
213.821
213.9
213.975
214.05
214.115
214.121
214.19
214.196
214.2
214.265
214.271
214.35
214.415
214.421
214.5
214.565
214.571
214.575
214.65
214.715
214.721
214.8
214.865
214.871
214.95
215.015
215.021
215.1
215.175
215.25
215.315
215.321
215.39
215.396
215.4
215.465
215.471
215.55
215.615
215.621
215.7
215.765
215.771
215.775
215.85
216.0
216.065
216.071
216.075
216.14
216.146
216.15
216.215
216.221
216.225
216.29
216.296
216.3
216.365
216.371
216.375
216.44
216.446
216.45
216.515
216.521
216.525
216.59
216.596
216.6
216.665
216.671
216.675
216.74
216.746
216.75
216.815
216.821
216.825
216.89
216.896
216.9
216.965
216.971
216.975
217.04
217.046
217.05
217.115
217.121
217.125
217.19
217.196
217.2
217.24
217.246
217.415
217.421
217.49
217.496
217.5
217.54
217.546
217.79
217.796
217.8
218.015
218.021
218.025
218.24
218.246
218.25
218.4
218.465
218.471
220.5
220.8
221.1
221.476
221.482
221.527
222.076
222.082
222.127
222.676
222.682
222.727
223.05
223.2
223.35
223.876
223.882
223.927
224.476
224.482
224.527
225.076
225.082
225.127
225.3
225.6
225.9
226.276
226.282
226.327
226.876
226.882
226.927
227.326
227.332
227.377
227.776
227.782
227.827
228.0
228.076
228.082
228.127
230.1
230.4
230.475
230.549
230.624
230.698
230.7
230.773
230.847
230.922
230.996
231.071
231.076
231.082
231.127
231.145
231.22
231.294
231.369
231.444
231.518
231.593
231.667
231.676
231.682
231.727
231.742
231.816
231.891
231.965
232.04
232.114
232.189
232.263
232.276
232.282
232.327
232.338
232.412
232.487
232.561
232.636
232.65
232.71
232.785
232.8
232.859
232.934
232.95
233.008
233.083
233.157
233.232
233.306
233.381
233.456
233.476
233.482
233.527
233.53
233.605
233.679
233.754
233.828
233.903
233.977
234.052
234.076
234.082
234.126
234.127
234.201
234.275
234.35
234.424
234.499
234.573
234.648
234.676
234.682
234.722
234.727
234.797
234.871
234.9
234.946
235.02
235.095
235.169
235.2
235.244
235.319
235.393
235.468
235.5
235.542
235.617
235.691
235.766
235.84
235.876
235.882
235.915
235.927
235.989
236.064
236.138
236.213
236.287
236.362
236.436
236.476
236.482
236.511
236.527
236.585
236.66
236.734
236.809
236.883
236.926
236.932
236.958
236.977
237.032
237.107
237.181
237.256
237.331
237.376
237.382
237.405
237.427
237.48
237.554
237.6
237.629
237.676
237.682
237.703
237.727
237.778
237.852
237.927
238.001
238.076
238.15
238.225
238.299
238.374
238.448
238.523
238.597
238.672
238.8
238.875
238.95
239.025
239.1
239.175
239.25
239.325
239.4
239.475
239.55
239.625
239.7
239.775
239.85
239.925
240.0
240.075
240.15
240.225
240.3
240.375
240.45
240.525
240.6
240.675
240.75
240.825
240.9
240.975
241.05
241.125
241.2
241.276
241.282
241.35
241.351
241.357
241.425
241.426
241.432
241.5
241.501
241.507
241.575
241.576
241.582
241.65
241.651
241.657
241.725
241.726
241.732
241.8
241.801
241.807
241.875
241.876
241.882
241.95
241.951
241.957
242.025
242.026
242.032
242.1
242.101
242.107
242.175
242.176
242.182
242.25
242.251
242.257
242.325
242.326
242.332
242.4
242.401
242.407
242.475
242.476
242.482
242.55
242.551
242.557
242.625
242.626
242.632
242.7
242.701
242.707
242.775
242.776
242.782
242.85
242.851
242.857
242.925
242.926
242.932
243.0
243.001
243.007
243.075
243.076
243.082
243.15
243.151
243.157
243.225
243.226
243.232
243.3
243.301
243.307
243.375
243.376
243.382
243.45
243.451
243.457
243.525
243.526
243.532
243.6
243.601
243.607
243.676
243.682
243.75
243.751
243.757
243.825
243.826
243.832
243.9
243.901
243.907
243.975
243.976
243.982
244.05
244.051
244.057
244.125
244.126
244.132
244.2
244.201
244.207
244.275
244.276
244.282
244.35
244.351
244.357
244.425
244.426
244.432
244.5
244.501
244.507
244.575
244.576
244.582
244.65
244.651
244.657
244.725
244.726
244.732
244.8
244.801
244.807
244.875
244.876
244.882
244.95
244.951
244.957
245.025
245.026
245.032
245.1
245.101
245.107
245.175
245.176
245.182
245.25
245.251
245.257
245.325
245.326
245.332
245.4
245.401
245.407
245.475
245.476
245.482
245.55
245.551
245.557
245.625
245.626
245.632
245.7
245.701
245.707
245.775
245.776
245.782
245.85
245.851
245.857
245.925
245.926
245.932
246.0
246.001
246.007
246.076
246.082
246.15
246.151
246.157
246.225
246.226
246.232
246.3
246.301
246.307
246.375
246.376
246.382
246.45
246.451
246.457
246.525
246.526
246.532
246.6
246.601
246.607
246.675
246.676
246.682
246.75
246.751
246.757
246.825
246.826
246.832
246.9
246.901
246.907
246.975
246.976
246.982
247.05
247.051
247.057
247.125
247.126
247.132
247.2
247.201
247.207
247.275
247.276
247.282
247.35
247.351
247.357
247.425
247.426
247.432
247.5
247.501
247.507
247.575
247.576
247.582
247.65
247.651
247.657
247.725
247.726
247.732
247.8
247.801
247.807
247.875
247.876
247.882
247.95
247.951
247.957
248.025
248.026
248.032
248.1
248.101
248.107
248.175
248.176
248.182
248.25
248.251
248.257
248.325
248.326
248.332
248.4
248.401
248.407
248.476
248.482
248.55
248.551
248.557
248.625
248.626
248.632
248.7
248.701
248.707
248.775
248.776
248.782
248.85
248.851
248.857
248.925
248.926
248.932
249.0
249.001
249.007
249.075
249.076
249.082
249.15
249.151
249.157
249.225
249.226
249.232
249.3
249.301
249.307
249.375
249.376
249.382
249.45
249.451
249.457
249.525
249.526
249.532
249.6
249.601
249.607
249.675
249.676
249.682
249.75
249.751
249.757
249.825
249.826
249.832
249.9
249.901
249.907
249.975
249.976
249.982
250.05
250.051
250.057
250.125
250.126
250.132
250.2
250.201
250.207
250.275
250.276
250.282
250.35
250.351
250.357
250.425
250.426
250.432
250.5
250.501
250.507
250.575
250.576
250.582
250.65
250.651
250.657
250.725
250.726
250.732
250.8
250.801
250.807
250.882
250.95
251.032
251.1
251.175
251.25
251.332
251.4
251.482
251.55
251.625
251.632
251.7
251.775
251.782
251.85
252.0
252.082
252.15
252.232
252.3
252.375
252.45
252.532
252.6
252.682
252.75
252.757
252.825
252.832
252.9
252.907
252.975
252.982
253.05
253.2
253.275
253.276
253.282
253.35
253.425
253.426
253.432
253.5
253.575
253.581
253.65
253.725
253.73
253.8
253.875
253.879
253.95
254.025
254.028
254.1
254.175
254.177
254.25
254.325
254.326
254.4
254.475
254.55
254.625
254.7
254.775
254.85
254.925
255.0
255.075
255.15
255.225
255.3
255.375
255.45
255.525
255.6
255.675
255.75
255.825
255.9
255.975
256.05
256.125
256.2
256.275
256.35
256.425
256.5
256.575
256.65
256.725
256.8
256.95
257.1
257.175
257.25
257.325
257.4
257.475
257.55
257.625
257.7
257.775
257.85
258.0
258.075
258.15
258.225
258.3
258.375
258.45
258.525
258.6
258.675
258.75
258.825
258.9
258.975
259.05
259.125
259.2
259.275
259.35
259.425
259.5
259.575
259.65
259.725
259.8
259.875
259.95
260.025
260.1
260.175
260.25
260.325
260.4
260.474
260.475
260.549
260.55
260.624
260.625
260.699
260.7
260.774
260.775
260.849
260.85
260.924
260.925
260.999
261.0
261.074
261.075
261.149
261.15
261.224
261.225
261.299
261.3
261.374
261.375
261.449
261.45
261.524
261.525
261.599
261.6
261.674
261.675
261.749
261.75
261.824
261.825
261.899
261.9
261.974
261.975
262.049
262.05
262.124
262.125
262.199
262.2
262.274
262.275
262.349
262.35
262.424
262.425
262.499
262.5
262.574
262.575
262.649
262.65
262.724
262.725
262.799
262.8
262.874
262.875
262.949
262.95
263.024
263.025
263.099
263.1
263.174
263.175
263.249
263.25
263.324
263.325
263.399
263.4
263.474
263.475
263.549
263.55
263.624
263.625
263.699
263.7
263.774
263.775
263.849
263.85
263.924
263.925
263.999
264.0
264.074
264.075
264.149
264.15
264.224
264.225
264.299
264.3
264.374
264.375
264.449
264.45
264.524
264.525
264.599
264.6
264.674
264.675
264.749
264.75
264.824
264.825
264.899
264.9
264.974
264.975
265.049
265.05
265.124
265.125
265.199
265.2
265.274
265.275
265.349
265.35
265.424
265.425
265.499
265.5
265.574
265.575
265.649
265.65
265.724
265.725
265.799
265.8
265.874
265.875
265.949
265.95
266.024
266.025
266.099
266.1
266.174
266.175
266.249
266.25
266.324
266.325
266.399
266.4
266.474
266.475
266.549
266.55
266.624
266.625
266.699
266.7
266.774
266.775
266.849
266.85
266.924
266.925
266.999
267.0
267.074
267.075
267.149
267.15
267.224
267.225
267.299
267.3
267.374
267.375
267.449
267.45
267.524
267.525
267.599
267.6
267.674
267.675
267.749
267.75
267.824
267.825
267.899
267.9
267.974
267.975
268.049
268.05
268.124
268.125
268.199
268.2
268.274
268.275
268.349
268.35
268.424
268.425
268.499
268.5
268.574
268.575
268.649
268.65
268.724
268.725
268.799
268.8
268.874
268.875
268.949
268.95
269.024
269.025
269.099
269.1
269.174
269.175
269.249
269.25
269.324
269.325
269.399
269.4
269.474
269.475
269.549
269.55
269.624
269.625
269.699
269.7
269.774
269.775
269.849
269.85
269.924
269.925
269.999
270.0
270.074
270.075
270.149
270.15
270.224
270.225
270.299
270.3
270.374
270.375
270.45
270.524
270.525
270.599
270.6
270.674
270.675
270.75
270.824
270.825
270.9
270.974
270.975
271.05
271.124
271.125
271.2
271.274
271.275
271.35
271.499
271.5
271.575
271.65
271.724
271.725
271.8
271.874
271.875
271.95
272.025
272.1
272.175
272.25
272.4
272.475
272.55
272.625
272.7
272.775
272.85
272.925
273.0
273.075
273.15
273.225
273.3
273.375
273.45
273.525
273.6
273.675
273.75
273.825
273.9
273.975
274.05
274.125
274.2
274.275
274.35
274.425
274.5
274.575
274.65
274.725
274.799
274.8
274.882
274.95
275.099
275.1
275.107
275.175
275.25
275.324
275.332
275.4
275.474
275.482
275.55
275.625
275.699
275.7
275.707
275.775
275.85
275.924
275.932
276.0
276.074
276.082
276.15
276.224
276.231
276.3
276.373
276.375
276.38
276.45
276.6
276.673
276.68
276.748
276.75
276.755
276.823
276.825
276.83
276.898
276.9
276.905
276.975
277.05
277.2
277.275
277.28
277.35
277.355
277.425
277.43
277.5
277.505
277.575
277.58
277.65
277.655
277.725
277.73
277.8
277.805
277.875
277.88
277.95
277.955
278.025
278.03
278.1
278.105
278.175
278.18
278.25
278.255
278.325
278.33
278.4
278.405
278.475
278.48
278.55
278.555
278.625
278.63
278.7
278.705
278.775
278.78
278.85
278.855
278.925
278.93
279.0
279.005
279.075
279.08
279.15
279.155
279.225
279.23
279.3
279.305
279.375
279.38
279.45
279.455
279.525
279.53
279.6
279.605
279.673
279.68
279.823
279.83
279.898
279.9
279.905
279.973
279.98
280.123
280.13
280.273
280.28
280.423
280.43
280.573
280.58
280.723
280.73
280.8
280.873
280.88
281.023
281.03
281.098
281.1
281.105
281.173
281.18
281.323
281.33
281.473
281.48
281.623
281.63
281.773
281.78
282.0
282.073
282.08
282.223
282.23
282.298
282.3
282.305
282.373
282.38
282.523
282.53
282.673
282.68
282.823
282.83
282.973
282.98
283.123
283.13
283.2
283.273
283.28
283.348
283.355
283.423
283.43
283.498
283.505
283.573
283.58
283.648
283.655
283.723
283.73
283.798
283.805
283.873
283.88
283.948
283.955
284.023
284.03
284.098
284.105
284.173
284.18
284.4
284.473
284.48
284.623
284.63
284.698
284.7
284.705
284.773
284.78
284.923
284.93
285.073
285.08
285.223
285.23
285.373
285.38
285.523
285.53
285.6
285.673
285.68
285.823
285.83
285.898
285.9
285.905
285.973
285.98
286.123
286.13
286.273
286.28
286.423
286.43
286.573
286.58
286.8
286.873
286.88
287.023
287.03
287.098
287.1
287.105
287.173
287.18
287.323
287.33
287.473
287.48
287.623
287.63
287.773
287.78
287.923
287.93
288.0
288.073
288.08
288.148
288.155
288.223
288.23
288.298
288.305
288.373
288.38
288.448
288.455
288.523
288.53
288.598
288.605
288.673
288.68
288.823
288.83
288.973
288.98
289.123
289.13
289.2
289.273
289.28
289.348
289.355
289.423
289.43
289.498
289.505
289.573
289.58
289.648
289.655
289.723
289.73
289.798
289.805
289.873
289.88
290.023
290.03
290.173
290.18
290.323
290.33
290.4
291.6
291.68
291.75
291.755
291.825
291.83
291.9
291.905
291.975
291.98
292.05
292.055
292.125
292.13
292.2
292.205
292.275
292.28
292.35
292.355
292.425
292.43
292.5
292.505
292.575
292.58
292.65
292.655
292.725
292.73
292.8
292.805
292.875
292.88
292.95
292.955
293.025
293.03
293.1
293.105
293.175
293.18
293.25
293.293
293.325
293.4
293.406
293.475
293.481
293.55
293.556
293.625
293.631
293.7
293.706
293.775
293.781
293.85
293.925
294.0
294.075
294.15
294.225
294.3
294.375
294.45
294.525
294.6
294.675
294.75
294.825
294.9
294.975
295.05
295.125
295.2
295.275
295.35
295.425
295.5
295.575
295.65
295.725
295.8
295.875
295.95
296.025
296.1
296.175
296.25
296.325
296.4
296.47
296.545
296.55
296.62
296.625
296.695
296.7
296.77
296.775
296.845
296.85
296.92
296.995
297.0
297.07
297.145
297.15
297.22
297.295
297.3
297.37
297.375
297.445
297.45
297.52
297.594
297.6
297.668
297.743
297.75
297.818
297.825
297.893
297.9
297.968
297.975
298.043
298.05
298.118
298.193
298.2
298.268
298.343
298.35
298.418
298.493
298.5
298.568
298.575
298.65
298.8
298.875
298.95
299.025
299.1
299.175
299.25
299.325
299.4
299.475
299.55
299.625
299.7
299.775
299.85
299.925
300.0
300.075
300.15
300.225
300.3
300.375
300.45
300.525
300.6
300.675
300.75
300.825
300.9
300.975
301.05
301.125
301.2
301.273
301.275
301.35
301.425
301.5
301.573
301.575
301.65
301.724
301.725
301.8
301.875
301.95
302.024
302.025
302.1
302.174
302.175
302.25
302.324
302.325
302.4
302.474
302.475
302.55
302.624
302.625
302.7
302.774
302.775
302.85
302.924
302.925
303.0
303.074
303.075
303.15
303.224
303.225
303.3
303.325
303.326
303.375
303.45
303.525
303.6
303.674
303.675
303.75
303.824
303.825
303.9
303.971
303.974
303.975
304.05
304.072
304.075
304.125
304.2
304.271
304.274
304.275
304.35
304.421
304.424
304.425
304.5
304.575
304.65
304.725
304.796
304.799
304.8
304.875
304.95
305.021
305.024
305.025
305.1
305.122
305.125
305.175
305.25
305.321
305.324
305.325
305.4
305.471
305.474
305.475
305.55
305.625
305.7
305.77
305.775
305.776
305.85
305.925
306.0
306.001
306.15
306.224
306.225
306.298
306.3
306.372
306.375
306.446
306.45
306.52
306.525
306.6
306.67
306.675
306.744
306.75
306.818
306.825
306.892
306.9
306.966
306.975
307.04
307.05
307.115
307.125
307.189
307.2
307.238
307.275
307.336
307.35
307.385
307.425
307.483
307.5
307.575
307.631
307.65
307.705
307.725
307.779
307.8
307.853
307.875
307.927
307.95
308.002
308.025
308.076
308.1
308.15
308.175
308.25
308.325
308.4
308.457
308.47
308.475
308.532
308.545
308.55
308.607
308.62
308.625
308.682
308.695
308.7
308.757
308.77
308.775
308.832
308.85
308.907
308.92
308.925
308.982
308.995
309.0
309.057
309.075
309.132
309.145
309.15
309.207
309.22
309.225
309.282
309.295
309.3
309.357
309.37
309.375
309.432
309.45
309.507
309.52
309.525
309.582
309.595
309.6
309.657
309.675
309.732
309.745
309.75
309.807
309.82
309.825
309.882
309.895
309.9
309.957
309.97
309.975
310.032
310.05
310.107
310.12
310.125
310.182
310.195
310.2
310.257
310.27
310.275
310.35
310.425
310.5
310.57
310.575
310.65
310.725
310.8
310.857
310.87
310.95
310.97
310.983
311.025
311.083
311.096
311.1
311.158
311.171
311.175
311.233
311.246
311.25
311.308
311.321
311.325
311.383
311.396
311.4
311.458
311.471
311.475
311.533
311.546
311.55
311.608
311.621
311.625
311.683
311.696
311.7
311.758
311.771
311.775
311.833
311.846
311.85
311.908
311.921
311.925
311.983
311.996
312.0
312.033
312.046
312.15
312.208
312.221
312.3
312.375
312.45
312.508
312.521
312.6
312.658
312.671
312.75
312.808
312.821
312.9
312.958
312.971
312.975
313.05
313.2
313.258
313.271
313.308
313.321
313.35
313.358
313.371
313.408
313.421
313.458
313.471
313.5
313.508
313.521
313.558
313.571
313.575
313.608
313.621
313.65
313.658
313.671
313.708
313.721
313.758
313.771
313.8
313.808
313.821
313.858
313.871
313.908
313.921
313.95
313.958
313.971
314.008
314.021
314.058
314.071
314.1
314.108
314.121
314.158
314.171
314.175
314.208
314.221
314.25
314.258
314.271
314.308
314.321
314.358
314.371
314.4
314.408
314.421
314.458
314.471
314.533
314.546
314.55
314.608
314.621
314.683
314.696
314.7
314.758
314.771
314.775
314.85
314.908
314.921
315.0
315.15
315.3
315.357
315.371
315.375
315.45
315.507
315.521
315.6
315.657
315.671
315.695
315.709
315.733
315.747
315.75
315.771
315.785
315.809
315.823
315.825
315.847
315.861
315.885
315.899
315.9
315.923
315.937
315.961
315.975
315.999
316.013
316.037
316.05
316.075
316.088
316.113
316.125
316.126
316.151
316.163
316.189
316.2
316.201
316.227
316.239
316.264
316.275
316.276
316.302
316.314
316.34
316.35
316.352
316.377
316.389
316.415
316.425
316.427
316.453
316.465
316.49
316.5
316.502
316.528
316.54
316.566
316.575
316.578
316.603
316.615
316.641
316.65
316.653
316.679
316.691
316.716
316.725
316.728
316.754
316.766
316.792
316.8
316.804
316.829
316.841
316.867
316.875
316.879
316.942
316.95
316.954
317.017
317.025
317.029
317.092
317.1
317.104
317.167
317.175
317.179
317.242
317.25
317.254
317.317
317.325
317.329
317.392
317.4
317.404
317.467
317.475
317.479
317.542
317.55
317.554
317.617
317.625
317.629
317.692
317.7
317.704
317.767
317.775
317.779
317.85
317.917
317.925
317.929
318.0
318.067
318.079
318.142
318.15
318.154
318.217
318.229
318.292
318.3
318.304
318.367
318.375
318.379
318.442
318.45
318.454
318.517
318.529
318.592
318.6
318.604
318.667
318.679
318.75
318.9
318.975
319.05
319.2
319.267
319.275
319.279
319.342
319.35
319.354
319.417
319.425
319.429
319.492
319.5
319.504
319.567
319.575
319.579
319.642
319.65
319.654
319.717
319.725
319.729
319.792
319.8
319.804
319.867
319.875
319.879
319.95
320.025
320.1
320.175
320.25
320.325
320.4
320.465
320.55
320.7
320.775
320.85
321.0
321.048
321.15
321.3
321.375
321.45
321.486
321.561
321.6
321.636
321.75
321.786
321.9
321.936
321.975
322.05
322.086
322.2
322.35
322.5
322.575
322.65
322.7
322.775
322.8
322.85
322.95
323.0
323.1
323.15
323.175
323.25
323.3
323.4
323.45
323.55
323.6
323.7
323.75
323.775
323.85
323.9
324.0
324.05
324.075
324.15
324.2
324.3
324.35
324.375
324.45
324.5
324.6
324.65
324.675
324.75
324.9
324.975
325.05
325.2
325.35
325.425
325.5
325.564
325.575
325.577
325.65
325.725
325.8
325.864
325.875
325.877
325.95
326.025
326.1
326.164
326.175
326.177
326.25
326.314
326.325
326.327
326.4
326.464
326.477
326.55
326.625
326.7
326.775
326.85
326.914
326.925
326.927
327.0
327.075
327.15
327.214
327.225
327.227
327.3
327.375
327.45
327.514
327.525
327.527
327.6
327.664
327.677
327.75
327.814
327.827
327.9
327.964
327.975
327.977
328.05
328.114
328.127
328.2
328.264
328.277
328.35
328.414
328.427
328.5
328.564
328.575
328.577
328.65
328.714
328.727
328.8
328.875
328.95
329.025
329.1
329.164
329.175
329.177
329.25
329.314
329.325
329.327
329.4
329.464
329.475
329.477
329.55
329.625
329.689
329.7
329.702
329.764
329.775
329.777
329.85
329.925
330.0
330.064
330.077
330.15
330.214
330.227
330.3
330.364
330.375
330.377
330.45
330.514
330.527
330.6
330.75
330.814
330.827
330.9
330.964
330.975
330.977
331.05
331.114
331.127
331.2
331.264
331.277
331.35
331.414
331.427
331.5
331.564
331.575
331.577
331.65
331.714
331.727
331.8
331.864
331.877
331.939
331.95
331.952
332.014
332.027
332.089
332.1
332.102
332.164
332.175
332.177
332.25
332.4
332.464
332.477
332.55
332.7
332.764
332.775
332.777
332.85
333.0
333.064
333.077
333.15
333.3
333.364
333.375
333.377
333.45
333.6
333.664
333.677
333.75
333.9
333.975
334.05
334.114
334.127
334.2
334.35
334.5
334.575
334.65
334.8
334.864
334.939
334.95
335.014
335.089
335.1
335.164
335.175
335.239
335.25
335.314
335.364
335.4
335.414
335.464
335.539
335.55
335.614
335.689
335.7
335.764
335.775
335.839
335.85
335.914
335.964
336.0
336.014
336.064
336.139
336.15
336.214
336.289
336.3
336.364
336.375
336.439
336.45
336.514
336.589
336.6
336.664
336.739
336.75
336.814
336.889
336.9
336.964
336.975
337.05
337.114
337.2
337.264
337.275
337.35
337.414
337.425
337.489
337.5
337.564
337.575
337.639
337.65
337.714
337.725
337.789
337.8
337.864
337.875
337.939
337.95
338.014
338.025
338.089
338.1
338.164
338.175
338.239
338.25
338.314
338.325
338.389
338.4
338.464
338.475
338.539
338.55
338.614
338.625
338.689
338.7
338.764
338.775
338.839
338.85
338.914
338.925
338.989
339.0
339.064
339.075
339.139
339.15
339.214
339.225
339.289
339.3
339.364
339.375
339.439
339.45
339.514
339.525
339.6
339.602
339.615
339.75
339.9
339.975
340.05
340.114
340.127
340.2
340.35
340.414
340.427
340.5
340.575
340.65
340.714
340.727
340.8
340.864
340.877
340.95
341.014
341.027
341.1
341.175
341.25
341.314
341.327
341.4
341.55
341.621
341.634
341.7
341.775
341.85
341.921
341.934
342.0
342.071
342.084
342.146
342.15
342.159
342.221
342.234
342.296
342.3
342.309
342.371
342.375
342.384
342.446
342.45
342.459
342.521
342.534
342.596
342.6
342.609
342.671
342.684
342.75
342.9
342.975
343.05
343.2
343.271
343.284
343.35
343.421
343.434
343.5
343.571
343.575
343.584
343.65
343.721
343.734
343.8
343.95
344.1
344.175
344.25
344.4
344.412
344.425
344.475
344.55
344.625
344.638
344.65
344.7
344.775
344.788
344.8
344.85
344.925
344.938
344.95
345.0
345.075
345.088
345.1
345.15
345.225
345.238
345.25
345.3
345.375
345.388
345.4
345.45
345.525
345.538
345.55
345.6
345.675
345.688
345.7
345.75
345.825
345.838
345.85
345.9
345.975
346.05
346.125
346.138
346.15
346.2
346.275
346.35
346.425
346.438
346.45
346.5
346.575
346.588
346.6
346.65
346.725
346.8
346.875
346.895
346.9
346.95
346.97
346.975
347.025
347.045
347.05
347.1
347.12
347.125
347.175
347.195
347.2
347.25
347.27
347.275
347.325
347.345
347.35
347.4
347.42
347.425
347.475
347.495
347.5
347.55
347.57
347.575
347.625
347.645
347.65
347.7
347.72
347.725
347.775
347.795
347.8
347.85
347.87
347.875
347.925
347.945
347.95
348.0
348.02
348.025
348.075
348.095
348.1
348.15
348.17
348.175
348.225
348.245
348.25
348.3
348.32
348.325
348.375
348.395
348.4
348.45
348.47
348.475
348.525
348.545
348.55
348.6
348.62
348.625
348.675
348.695
348.7
348.75
348.77
348.775
348.825
348.845
348.85
348.9
348.92
348.925
348.975
348.995
349.0
349.05
349.07
349.075
349.125
349.145
349.15
349.2
349.22
349.225
349.295
349.3
349.35
349.37
349.375
349.445
349.45
349.5
349.52
349.525
349.575
349.595
349.6
349.65
349.67
349.675
349.745
349.75
349.8
349.82
349.825
349.895
349.9
349.95
349.97
349.975
350.045
350.05
350.1
350.12
350.125
350.175
350.195
350.2
350.25
350.27
350.275
350.345
350.35
350.4
350.42
350.425
350.495
350.5
350.545
350.55
350.595
350.6
350.645
350.65
350.695
350.7
350.745
350.75
350.775
350.795
350.8
350.845
350.85
350.895
350.9
350.945
350.95
350.995
351.0
351.045
351.05
351.095
351.1
351.145
351.15
351.195
351.2
351.245
351.25
351.295
351.3
351.345
351.35
351.375
351.395
351.4
351.445
351.45
351.495
351.5
351.545
351.55
351.595
351.6
351.645
351.65
351.675
351.695
351.7
351.75
351.77
351.775
351.825
351.845
351.85
351.9
351.92
351.925
351.975
351.995
352.0
352.05
352.07
352.075
352.125
352.145
352.15
352.2
352.22
352.225
352.275
352.295
352.3
352.35
352.37
352.375
352.425
352.445
352.45
352.5
352.52
352.525
352.575
352.595
352.6
352.65
352.67
352.675
352.725
352.745
352.75
352.8
352.82
352.825
352.875
352.895
352.9
352.95
352.97
352.975
353.025
353.045
353.05
353.1
353.12
353.125
353.175
353.195
353.2
353.25
353.27
353.275
353.325
353.345
353.35
353.4
353.42
353.425
353.475
353.495
353.5
353.55
353.57
353.575
353.625
353.645
353.65
353.7
353.72
353.725
353.775
353.795
353.8
353.85
353.925
354.0
354.02
354.025
354.075
354.15
354.225
354.245
354.25
354.3
354.375
354.395
354.4
354.45
354.525
354.545
354.55
354.6
354.675
354.75
354.825
354.845
354.85
354.9
354.975
355.05
355.125
355.145
355.15
355.2
355.275
355.295
355.3
355.35
355.425
355.5
355.575
355.65
355.725
355.745
355.75
355.8
355.875
355.895
355.9
355.95
356.025
356.045
356.05
356.1
356.175
356.195
356.2
356.25
356.325
356.4
356.475
356.502
356.507
356.55
356.577
356.582
356.625
356.652
356.657
356.7
356.727
356.732
356.775
356.802
356.807
356.85
356.877
356.882
356.925
356.952
356.957
357.0
357.027
357.032
357.075
357.102
357.107
357.15
357.177
357.182
357.225
357.251
357.256
357.3
357.326
357.331
357.375
357.4
357.405
357.45
357.475
357.48
357.525
357.549
357.554
357.6
357.624
357.629
357.675
357.698
357.703
357.748
357.75
357.753
357.798
357.803
357.825
357.848
357.853
357.898
357.9
357.903
357.948
357.953
357.975
357.998
358.003
358.027
358.048
358.05
358.053
358.098
358.103
358.125
358.148
358.153
358.198
358.2
358.203
358.248
358.253
358.275
358.298
358.303
358.327
358.348
358.35
358.353
358.398
358.403
358.425
358.448
358.453
358.498
358.5
358.503
358.548
358.553
358.575
358.598
358.603
358.627
358.648
358.65
358.653
358.698
358.703
358.725
358.748
358.753
358.798
358.8
358.803
358.848
358.853
358.927
359.377
359.827
360.127
360.577
360.6
360.9
361.027
361.2
361.327
362.827
363.127
363.427
363.6
363.727
364.177
364.627
364.927
365.25
365.377
365.7
365.827
366.0
366.127
366.45
366.9
367.2
367.5
367.627
367.8
367.927
368.1
368.227
368.4
368.527
368.977
369.427
369.6
369.727
370.05
370.177
370.5
370.627
370.8
370.927
371.25
371.377
371.7
371.827
372.0
372.127
372.45
372.9
373.027
373.2
373.327
373.777
374.227
374.527
374.977
375.427
375.6
375.698
375.727
375.773
375.847
375.922
375.997
376.072
376.146
376.221
376.296
376.371
376.445
376.52
376.595
376.67
376.744
376.819
377.227
377.503
377.527
377.553
377.603
377.653
377.703
377.753
377.803
377.827
377.853
377.903
377.953
378.0
378.003
378.053
378.127
378.15
378.3
378.375
378.45
378.6
378.75
378.9
378.975
379.027
379.05
379.2
379.327
379.35
379.5
379.575
379.65
379.777
379.8
379.95
380.1
380.175
380.227
380.25
380.4
380.527
380.55
380.7
380.775
380.827
380.85
380.977
381.0
381.15
381.3
381.375
381.45
381.6
381.75
381.9
381.975
382.05
382.2
382.327
382.35
382.5
382.575
382.627
382.65
382.8
382.875
382.927
382.95
383.025
383.1
383.175
383.25
383.325
383.377
383.4
383.475
383.55
383.625
383.7
383.775
383.827
383.85
383.925
384.0
384.075
384.127
384.15
384.225
384.3
384.375
384.45
384.525
384.577
384.6
384.675
384.75
384.825
384.9
384.975
385.027
385.05
385.125
385.2
385.275
385.327
385.35
385.425
385.5
385.575
385.65
385.725
385.8
385.875
385.95
386.025
386.1
386.175
386.25
386.325
386.4
386.475
386.55
386.625
386.7
386.775
386.827
386.85
386.925
387.0
387.075
387.127
387.15
387.225
387.3
387.375
387.427
387.45
387.525
387.6
387.727
387.75
387.9
387.975
388.05
388.2
388.35
388.5
388.575
388.627
388.65
388.777
388.8
388.927
388.95
389.1
389.175
389.25
389.377
389.4
389.55
389.7
389.775
389.827
389.85
390.0
390.075
390.127
390.15
390.225
390.3
390.375
390.427
390.45
390.525
390.577
390.6
390.675
390.75
390.825
390.9
390.975
391.027
391.05
391.125
391.2
391.275
391.327
391.35
391.425
391.5
391.575
391.65
391.725
391.8
391.875
391.927
391.95
392.025
392.1
392.175
392.227
392.25
392.325
392.4
392.475
392.527
392.55
392.625
392.7
392.775
392.827
392.85
392.925
392.977
393.0
393.075
393.15
393.225
393.3
393.375
393.427
393.45
393.525
393.6
393.727
394.027
394.327
394.627
394.8
394.893
394.903
394.927
394.95
394.968
394.978
395.025
395.043
395.053
395.1
395.118
395.128
395.175
395.193
395.203
395.25
395.268
395.278
395.325
395.343
395.353
395.4
395.418
395.428
395.475
395.493
395.503
395.55
395.568
395.578
395.625
395.643
395.653
395.7
395.718
395.728
395.775
395.793
395.803
395.85
395.868
395.878
395.925
395.943
395.953
396.0
396.018
396.028
396.075
396.093
396.103
396.15
396.168
396.178
396.225
396.243
396.253
396.3
396.318
396.328
396.375
396.393
396.403
396.45
396.468
396.478
396.525
396.543
396.553
396.6
396.618
396.628
396.675
396.693
396.703
396.75
396.768
396.778
396.825
396.843
396.853
396.9
396.918
396.928
396.975
396.993
397.003
397.05
397.068
397.078
397.125
397.143
397.153
397.2
397.218
397.228
397.293
397.303
397.35
397.368
397.378
397.425
397.443
397.453
397.5
397.518
397.528
397.575
397.593
397.603
397.65
397.668
397.678
397.725
397.743
397.753
397.8
397.818
397.828
397.875
397.893
397.903
397.95
397.968
397.978
398.025
398.043
398.053
398.1
398.118
398.128
398.175
398.193
398.203
398.25
398.268
398.278
398.325
398.343
398.353
398.4
398.418
398.428
398.475
398.493
398.503
398.55
398.568
398.578
398.625
398.643
398.653
398.7
398.718
398.728
398.775
398.793
398.803
398.85
398.868
398.878
398.925
398.943
398.953
399.0
399.018
399.028
399.075
399.093
399.103
399.15
399.168
399.178
399.225
399.243
399.253
399.3
399.318
399.328
399.375
399.393
399.403
399.45
399.468
399.478
399.525
399.543
399.553
399.6
399.618
399.628
399.693
399.703
399.75
399.768
399.778
399.825
399.843
399.853
399.9
399.918
399.928
399.975
399.993
400.003
400.05
400.068
400.078
400.125
400.143
400.153
400.2
400.218
400.228
400.275
400.293
400.303
400.35
400.368
400.378
400.425
400.443
400.453
400.5
400.518
400.528
400.575
400.593
400.603
400.65
400.668
400.678
400.725
400.743
400.753
400.8
400.818
400.828
400.875
400.893
400.903
400.95
400.968
400.978
401.025
401.043
401.053
401.1
401.118
401.128
401.175
401.193
401.203
401.25
401.268
401.278
401.325
401.343
401.353
401.4
401.418
401.428
401.475
401.493
401.503
401.55
401.568
401.578
401.625
401.643
401.653
401.7
401.718
401.728
401.775
401.793
401.803
401.85
401.868
401.878
401.925
401.943
401.953
402.0
402.018
402.028
402.093
402.103
402.15
402.168
402.178
402.225
402.243
402.253
402.3
402.318
402.328
402.375
402.393
402.403
402.45
402.468
402.478
402.525
402.543
402.553
402.6
402.618
402.628
402.675
402.693
402.703
402.75
402.768
402.778
402.825
402.843
402.853
402.9
402.918
402.928
402.975
402.993
403.003
403.05
403.068
403.078
403.125
403.143
403.153
403.2
403.218
403.228
403.275
403.293
403.303
403.35
403.368
403.378
403.425
403.443
403.453
403.5
403.518
403.528
403.575
403.593
403.603
403.65
403.668
403.678
403.725
403.743
403.753
403.8
403.818
403.828
403.875
403.893
403.903
403.95
403.968
403.978
404.025
404.043
404.053
404.1
404.118
404.128
404.175
404.193
404.203
404.25
404.268
404.278
404.325
404.343
404.353
404.4
404.418
404.428
404.475
404.493
404.503
404.55
404.568
404.578
404.625
404.643
404.653
404.7
404.718
404.728
404.775
404.793
404.803
404.85
404.868
404.878
404.925
404.943
404.953
405.0
405.018
405.028
405.075
405.093
405.103
405.15
405.168
405.178
405.225
405.243
405.253
405.3
405.318
405.328
405.375
405.393
405.403
405.45
405.468
405.478
405.525
405.543
405.553
405.6
405.618
405.628
405.675
405.693
405.703
405.75
405.768
405.778
405.825
405.843
405.853
405.9
405.918
405.928
405.975
405.993
406.003
406.05
406.068
406.078
406.125
406.143
406.153
406.2
406.218
406.228
406.275
406.293
406.303
406.35
406.368
406.378
406.425
406.443
406.453
406.5
406.518
406.528
406.575
406.593
406.603
406.65
406.668
406.678
406.725
406.743
406.753
406.8
406.818
406.828
406.875
406.893
406.903
406.95
406.968
406.978
407.025
407.043
407.053
407.1
407.118
407.128
407.175
407.193
407.203
407.25
407.268
407.278
407.325
407.343
407.353
407.4
407.418
407.428
407.475
407.493
407.503
407.55
407.568
407.578
407.625
407.643
407.653
407.7
407.718
407.728
407.775
407.793
407.803
407.85
407.868
407.878
407.925
407.943
407.953
408.0
408.018
408.028
408.075
408.093
408.103
408.15
408.168
408.178
408.225
408.243
408.253
408.3
408.318
408.328
408.375
408.393
408.403
408.45
408.468
408.478
408.525
408.543
408.553
408.6
408.618
408.628
408.675
408.693
408.703
408.75
408.768
408.778
408.825
408.843
408.853
408.9
408.918
408.928
408.975
408.993
409.003
409.05
409.068
409.078
409.125
409.143
409.153
409.2
409.218
409.228
409.275
409.293
409.303
409.35
409.368
409.378
409.425
409.443
409.453
409.5
409.518
409.528
409.575
409.593
409.603
409.65
409.668
409.678
409.725
409.743
409.753
409.8
409.818
409.828
409.875
409.893
409.903
409.95
409.968
409.978
410.025
410.043
410.053
410.1
410.118
410.128
410.175
410.193
410.203
410.25
410.268
410.278
410.325
410.343
410.353
410.4
410.418
410.428
410.475
410.493
410.503
410.55
410.568
410.578
410.625
410.643
410.653
410.7
410.718
410.728
410.775
410.793
410.803
410.85
410.868
410.878
410.925
410.943
410.953
411.0
411.018
411.028
411.075
411.093
411.103
411.15
411.168
411.178
411.225
411.243
411.253
411.3
411.318
411.328
411.375
411.393
411.403
411.45
411.468
411.478
411.525
411.543
411.553
411.6
411.618
411.628
411.675
411.693
411.75
411.768
411.825
411.843
411.9
411.918
411.975
411.993
412.043
412.05
412.093
412.125
412.143
412.2
412.218
412.275
412.293
412.35
412.368
412.425
412.443
412.5
412.518
412.575
412.593
412.65
412.668
412.725
412.743
412.8
412.818
412.875
412.893
412.95
412.968
413.025
413.043
413.1
413.118
413.175
413.193
413.25
413.268
413.325
413.343
413.4
413.418
413.475
413.493
413.543
413.55
413.593
413.625
413.643
413.693
413.7
413.743
413.775
413.793
413.843
413.85
413.893
413.925
413.943
414.0
414.018
414.093
414.103
414.15
414.244
414.254
414.3
414.395
414.405
414.45
414.545
414.555
414.696
414.706
414.75
414.847
414.857
414.997
415.008
415.05
415.148
415.158
415.299
415.309
415.35
415.449
415.46
415.6
415.61
415.65
415.751
415.761
415.8
415.901
415.912
415.95
416.052
416.062
416.1
416.203
416.213
416.353
416.364
416.4
416.504
416.514
416.55
416.655
416.665
416.7
416.805
416.816
416.85
416.956
416.966
417.107
417.117
417.15
417.258
417.268
417.408
417.418
417.45
417.559
417.569
417.71
417.72
417.75
417.86
417.871
418.011
418.021
418.05
418.162
418.172
418.2
418.312
418.323
418.35
418.463
418.473
418.5
418.614
418.624
418.764
418.775
418.8
418.915
418.925
418.95
419.065
419.075
419.1
419.215
419.225
419.25
419.365
419.375
419.55
419.665
419.675
419.85
419.965
419.975
420.15
420.265
420.275
420.45
420.565
420.575
420.6
420.715
420.725
420.75
420.865
420.875
420.9
421.015
421.025
421.2
421.315
421.325
421.39
421.4
421.465
421.475
421.54
421.55
421.615
421.625
421.69
421.7
421.765
421.775
421.84
421.85
421.915
421.925
421.99
422.0
422.065
422.075
422.14
422.15
422.215
422.225
422.29
422.3
422.365
422.375
422.44
422.45
422.515
422.525
422.59
422.6
422.665
422.675
422.74
422.75
422.815
422.825
422.89
422.9
422.965
422.975
423.04
423.05
423.115
423.125
423.19
423.2
423.265
423.275
423.34
423.35
423.415
423.425
423.49
423.5
423.565
423.575
423.64
423.65
423.715
423.725
423.79
423.8
423.865
423.875
423.94
423.95
424.015
424.025
424.09
424.1
424.165
424.175
424.24
424.25
424.315
424.325
424.39
424.4
424.465
424.475
424.54
424.55
424.615
424.625
424.69
424.7
424.765
424.775
424.84
424.85
424.915
424.925
424.99
425.0
425.065
425.075
425.14
425.15
425.215
425.225
425.29
425.3
425.365
425.375
425.44
425.45
425.515
425.525
425.59
425.6
425.665
425.675
425.74
425.75
425.815
425.825
425.89
425.9
425.965
425.975
426.04
426.05
426.115
426.125
426.19
426.2
426.265
426.275
426.34
426.35
426.415
426.425
426.49
426.5
426.565
426.575
426.64
426.65
426.715
426.725
426.79
426.8
426.865
426.875
426.94
426.95
427.015
427.025
427.09
427.1
427.165
427.175
427.24
427.25
427.315
427.325
427.39
427.4
427.465
427.475
427.54
427.55
427.615
427.625
427.69
427.7
427.765
427.775
427.84
427.85
427.915
427.925
427.99
428.0
428.065
428.075
428.14
428.15
428.215
428.225
428.29
428.3
428.365
428.375
428.4
428.44
428.45
428.515
428.525
428.55
428.665
428.675
428.7
428.816
428.826
428.85
428.966
428.977
429.0
429.117
429.127
429.15
429.268
429.278
429.3
429.418
429.429
429.45
429.569
429.579
429.6
429.72
429.73
430.32
430.33
430.8
430.875
430.92
430.93
430.95
430.995
431.005
431.025
431.07
431.08
431.1
431.22
431.23
431.37
431.38
431.4
431.52
431.53
431.6
431.625
431.72
431.73
431.8
431.85
431.92
431.93
432.0
432.12
432.13
