0.0
0.375
0.5
0.75
0.875
1.0
1.375
1.5
1.625
1.75
1.875
2.125
2.25
2.375
2.5
2.625
2.75
2.875
3.0
3.375
3.5
3.625
3.75
3.875
4.0
4.375
4.5
4.75
5.0
5.375
5.5
5.625
5.75
5.875
6.0
6.25
6.5
6.75
7.0
7.125
7.25
7.375
7.5
7.625
7.75
7.875
8.0
8.25
8.375
8.5
8.75
9.125
9.25
9.375
9.5
9.625
9.75
9.875
10.0
10.25
10.375
10.5
10.75
11.0
11.125
11.25
11.375
11.625
11.75
11.875
12.0
12.25
12.375
12.5
12.75
13.125
13.25
13.375
13.625
13.875
14.0
14.125
14.375
14.5
14.75
15.125
15.25
15.375
15.5
15.625
15.75
15.875
16.0
16.125
16.25
16.375
16.5
16.75
17.25
17.5
17.625
17.75
17.875
18.0
18.125
18.25
18.375
18.5
18.75
19.25
19.375
19.5
19.625
19.75
19.875
20.0
20.25
20.375
20.5
20.75
21.125
21.25
21.375
21.5
21.625
21.75
21.875
22.0
22.375
22.75
23.125
23.25
23.375
23.5
23.625
23.75
23.875
24.0
24.125
24.25
24.375
24.5
24.625
24.75
25.0
25.25
25.375
25.5
25.625
25.75
25.875
26.0
26.125
26.25
26.375
26.625
26.75
26.875
27.0
27.125
27.25
27.375
27.5
27.625
27.75
27.875
28.0
28.125
28.25
28.375
28.5
28.625
28.75
29.0
30.0
30.75
