0.0
0.75
1.5
2.0
2.25
2.5
3.0
3.5
4.25
4.5
4.875
5.25
6.0
6.25
6.75
7.25
8.0
8.25
8.5
8.75
9.0
9.5
10.0
10.5
11.0
12.0
12.25
12.5
12.75
13.0
13.5
14.0
14.5
15.0
15.25
16.0
16.25
16.5
16.75
17.0
17.5
18.0
18.5
19.0
20.0
20.25
20.5
20.75
21.0
21.5
21.75
22.0
22.25
22.5
22.75
23.0
23.25
23.75
24.0
24.5
24.75
25.0
25.25
25.5
25.75
26.0
26.25
26.5
26.75
27.0
27.25
27.75
28.0
28.5
28.75
29.0
29.25
29.5
29.75
30.0
30.25
31.0
31.5
32.0
32.25
32.75
33.0
33.25
33.5
33.625
33.75
34.0
34.25
34.5
34.75
35.0
35.25
36.0
36.75
37.25
37.5
37.75
38.0
38.25
38.5
38.75
39.0
39.5
40.25
40.5
40.75
41.25
41.5
41.75
42.0
42.25
42.5
42.75
43.0
43.5
44.0
44.5
44.75
45.5
45.75
46.0
46.25
46.5
46.75
47.0
47.5
48.0
48.5
48.75
49.25
49.5
50.0
50.5
51.0
51.5
51.75
52.5
52.75
53.25
53.75
54.25
54.5
54.75
55.0
55.25
56.0
56.25
56.5
56.75
57.0
57.5
58.0
58.5
59.0
60.0
60.25
60.5
60.75
61.0
61.5
62.0
62.5
63.0
63.25
63.4375
63.625
63.8125
64.0
64.1875
64.375
65.0
65.1875
65.375
65.5625
65.75
65.9375
66.125
66.625
67.0
67.1875
67.375
67.5625
67.75
67.9375
68.125
68.625
70.0
70.25
70.5
70.75
71.0
71.25
71.75
72.0
72.5
72.75
73.0
73.25
73.5
73.75
74.0
74.25
74.5
74.75
75.0
75.25
75.75
76.0
76.5
76.75
77.0
77.25
77.5
77.75
78.0
78.25
79.0
79.5
80.0
80.25
80.75
81.0
81.25
81.5
81.625
81.75
82.0
82.25
82.5
82.75
83.0
83.25
84.0
84.75
85.25
85.5
85.75
86.0
86.25
86.5
86.75
87.0
87.5
88.25
88.5
88.75
89.25
89.5
89.75
90.0
90.25
90.5
90.75
91.0
91.5
92.0
92.5
92.75
93.5
93.75
94.0
94.25
94.5
94.75
95.0
95.5
96.0
96.5
96.75
97.25
97.5
98.0
98.5
99.0
99.5
99.75
100.5
100.75
101.25
101.75
102.25
102.5
102.75
103.0
103.25
103.5
103.75
104.0
104.25
104.5
104.75
105.0
105.25
105.5
105.75
106.0
106.25
106.5
106.75
107.0
107.25
107.5
107.75
108.0
108.25
108.5
108.75
109.0
109.25
109.5
109.75
110.0
110.25
110.5
110.75
111.0
111.25
111.5
111.75
112.0
112.25
112.5
112.75
113.0
113.25
113.5
113.75
114.0
114.25
114.5
114.75
115.0
115.25
115.5
115.75
116.0
116.25
116.5
116.75
117.0
117.25
117.5
117.75
118.0
118.25
118.5
118.75
119.0
119.25
120.0
120.75
121.25
121.5
121.75
122.25
122.75
123.5
123.75
124.125
124.5
125.25
125.5
126.0
126.5
127.25
128.0
128.5
128.75
129.0
129.375
129.75
130.0
130.5
130.75
131.125
131.5
132.5
134.0
134.25
134.5
134.75
135.0
135.25
135.5
135.75
136.25
137.0
137.25
137.5
138.0
138.25
138.5
138.75
139.0
139.25
139.5
139.75
140.25
140.75
141.25
141.5
142.25
142.5
142.75
143.0
143.25
143.5
143.75
144.25
144.75
145.25
145.5
146.0
146.25
146.75
147.25
147.75
148.25
148.5
149.25
149.5
150.0
150.25
150.5
150.75
151.0
151.25
151.5
151.75
152.25
153.0
153.25
153.5
154.0
154.25
154.5
154.75
155.0
155.25
155.5
155.75
156.25
156.75
157.25
157.5
158.25
158.5
158.75
159.0
159.25
159.5
159.75
160.25
160.75
161.25
161.5
162.0
162.25
162.75
163.25
163.75
164.25
164.5
165.25
165.5
166.0
166.5
167.0
167.25
167.5
167.75
